AD3830770CCDD0AD383001E6
AD3830770CCDD0AD383001BF
AD3830770CCDD0AD38300218
AD3830770CCDD0AD383001C2
AD3830770CCDD0AD383002F0
AD3830770CCDD0AD383003A9
AD3830770CCDD0AD383001EE
AD3830770CCDD0AD383002C5
AD3830770CCDD0AD383001CC
AD3830770CCDD0AD38300375
